0,163
1,181
2,42
3,125
4,156
5,138
6,103
7,29
8,29
9,38
10,132
11,30
12,44
13,196
14,44
15,246
16,26
17,69
18,26
19,98
20,90
21,38
22,157
23,64
24,32
25,47
26,140
27,52
28,34
29,194
30,184
31,203
32,113
33,152
34,220
35,56
36,291
37,201
38,80
39,221
40,94
41,78
42,194
43,38
44,31
45,321
46,75
47,97
48,107
49,26
50,182
51,26
52,106
53,33
54,191
55,68
56,180
57,61
58,139
59,35
60,230
61,26
62,218
63,156
64,292
65,28
66,127
67,206
68,25
69,63
70,40
71,251
72,331
73,71
74,242
75,321
76,243
77,264
78,252
79,121
80,81
81,116
82,291
83,26
84,67
85,428
86,226
87,27
88,41
89,103
90,36
91,31
92,150
93,31
94,67
95,176
96,556
97,45
98,94
99,74
100,28
101,192
102,33
103,44
104,41
105,102
106,220
107,41
108,28
109,52
110,119
111,27
112,122
113,140
114,49
115,341
116,28
117,164
118,37
119,40
120,190
121,26
122,30
123,170
124,187
125,59
126,91
127,413
128,150
129,215
130,150
131,33
132,30
133,32
134,31
135,37
136,185
137,39
138,26
139,203
140,45
141,118
142,93
143,290
144,53
145,246
146,28
147,29
148,27
149,293
150,241
151,115
152,33
153,314
154,39
155,28
156,38
157,32
158,120
159,103
160,80
161,46
162,39
163,163
164,109
165,38
166,506
167,66
168,29
169,53
170,32
171,39
172,48
173,49
174,170
175,176
176,25
177,55
178,44
179,44
180,211
181,272
182,51
183,42
184,160
185,168
186,167
187,105
188,130
189,30
190,187
191,211
192,80
193,116
194,219
195,220
196,97
197,29
198,272
199,33
200,207
201,104
202,37
203,57
204,40
205,36
206,200
207,80
208,36
209,28
210,202
211,179
212,30
213,184
214,31
215,97
216,30
217,331
218,231
219,29
220,30
221,578
222,33
223,182
224,399
225,36
226,196
227,420
228,25
229,82
230,152
231,217
232,29
233,26
234,37
235,200
236,32
237,49
238,172
239,235
240,183
241,117
242,25
243,243
244,44
245,135
246,132
247,150
248,50
249,29
250,103
251,110
252,142
253,46
254,181
255,27
256,68
257,195
258,328
259,28
260,239
261,67
262,71
263,31
264,170
265,431
266,118
267,117
268,235
269,28
270,63
271,93
272,131
273,166
274,202
275,32
276,46
277,157
278,358
279,226
280,131
281,92
282,29
283,176
284,132
285,31
286,29
287,146
288,48
289,49
290,48
291,84
292,34
293,196
294,60
295,329
296,29
297,35
298,286
299,31
300,47
301,56
302,97
303,226
304,27
305,100
306,76
307,54
308,132
309,28
310,239
311,159
312,60
313,27
314,28
315,189
316,27
317,31
318,238
319,216
320,229
321,40
322,374
323,459
324,27
325,27
326,28
327,66
328,210
329,111
330,64
331,33
332,25
333,247
334,181
335,28
336,232
337,26
338,120
339,170
340,27
341,99
342,97
343,172
344,260
345,169
346,26
347,37
348,283
349,211
350,42
351,27
352,242
353,164
354,468
355,41
356,26
357,29
358,263
359,206
360,92
361,44
362,151
363,154
364,147
365,199
366,38
367,42
368,206
369,27
370,32
371,37
372,113
373,109
374,79
375,166
376,125
377,31
378,81
379,79
380,83
381,184
382,63
383,505
384,226
385,396
386,54
387,45
388,201
389,43
390,377
391,30
392,30
393,38
394,41
395,29
396,298
397,29
398,168
399,46
400,96
401,151
402,782
403,38
404,30
405,230
406,290
407,205
408,102
409,33
410,38
411,57
412,111
413,283
414,143
415,46
416,26
417,40
418,26
419,36
420,30
421,319
422,397
423,78
424,177
425,168
426,88
427,27
428,32
429,36
430,38
431,147
432,196
433,126
434,33
435,192
436,29
437,90
438,257
439,156
440,208
441,65
442,130
443,310
444,201
445,94
446,96
447,60
448,32
449,27
450,137
451,29
452,112
453,33
454,856
455,199
456,54
457,34
458,158
459,31
460,293
461,211
462,59
463,29
464,246
465,63
466,169
467,178
468,28
469,36
470,30
471,28
472,34
473,46
474,100
475,82
476,349
477,200
478,99
479,31
480,160
481,27
482,142
483,110
484,61
485,263
486,28
487,50
488,26
489,85
490,27
491,100
492,27
493,26
494,31
495,46
496,27
497,25
498,33
499,100
500,85
501,340
502,164
503,67
504,29
505,92
506,32
507,61
508,203
509,27
510,236
511,242
512,67
513,39
514,305
515,78
516,116
517,37
518,79
519,47
520,27
521,50
522,172
523,637
524,36
525,76
526,64
527,286
528,95
529,75
530,195
531,32
532,56
533,158
534,176
535,166
536,114
537,364
538,177
539,93
540,31
541,396
542,90
543,71
544,154
545,29
546,57
547,30
548,34
549,209
550,133
551,33
552,53
553,40
554,81
555,178
556,27
557,127
558,248
559,225
560,14
561,198
562,157
563,53
564,50
565,205
566,96
567,281
568,64
569,28
570,390
571,48
572,158
573,35
574,53
575,95
576,29
577,174
578,43
579,29
580,56
581,32
582,444
583,39
584,119
585,58
586,111
587,61
588,190
589,29
590,81
591,83
592,150
593,239
594,33
595,31
596,85
597,36
598,214
599,33
600,45
601,90
602,25
603,46
604,46
605,27
606,120
607,37
608,81
609,147
610,26
611,324
612,30
613,104
614,121
615,48
616,383
617,220
618,43
619,277
620,191
621,48
622,36
623,230
624,35
625,110
626,273
627,39
628,50
629,226
630,211
631,124
632,178
633,49
634,25
635,144
636,141
637,207
638,38
639,74
640,58
641,33
642,32
643,123
644,44
645,31
646,26
647,45
648,108
649,29
650,27
651,264
652,46
653,110
654,184
655,46
656,71
657,31
658,50
659,443
660,149
661,130
662,194
663,98
664,268
665,146
666,135
667,16
668,133
669,42
670,149
671,163
672,26
673,32
674,32
675,82
676,48
677,92
678,56
679,35
680,53
681,37
682,141
683,133
684,38
685,137
686,69
687,144
688,89
689,84
690,96
691,41
692,303
693,28
694,29
695,122
696,29
697,123
698,32
699,218
700,32
701,107
702,68
703,224
704,148
705,31
706,28
707,119
708,178
709,52
710,81
711,221
712,121
713,78
714,148
715,400
716,39
717,32
718,98
719,30
720,84
721,78
722,70
723,226
724,226
725,176
726,229
727,29
728,76
729,32
730,27
731,30
732,27
733,173
734,28
735,49
736,47
737,107
738,63
739,39
740,33
741,29
742,48
743,90
744,33
745,79
746,50
747,217
748,149
749,63
750,73
751,247
752,248
753,300
754,198
755,189
756,183
757,59
758,293
759,177
760,47
761,92
762,162
763,332
764,178
765,53
766,238
767,26
768,44
769,337
770,210
771,106
772,329
773,32
774,236
775,34
776,191
777,38
778,32
779,54
780,59
781,361
782,136
783,524
784,124
785,26
786,32
787,24
788,126
789,26
790,68
791,29
792,55
793,30
794,183
795,101
796,201
797,267
798,25
799,26
800,311
801,27
802,270
803,141
804,49
805,96
806,189
807,321
808,107
809,37
810,37
811,88
812,143
813,42
814,209
815,128
816,173
817,324
818,158
819,183
820,45
821,27
822,67
823,52
824,178
825,29
826,92
827,33
828,232
829,30
830,149
831,69
832,134
833,121
834,203
835,33
836,47
837,139
838,278
839,224
840,160
841,37
842,223
843,43
844,178
845,373
846,102
847,83
848,91
849,308
850,30
851,62
852,27
853,40
854,348
855,125
856,233
857,583
858,31
859,61
860,25
861,31
862,28
863,284
864,83
865,31
866,58
867,91
868,146
869,279
870,26
871,109
872,238
873,173
874,233
875,123
876,32
877,205
878,26
879,147
880,31
881,48
882,226
883,104
884,74
885,51
886,284
887,27
888,371
889,32
890,30
891,29
892,45
893,141
894,160
895,25
896,114
897,43
898,158
899,40
900,29
901,36
902,63
903,111
904,177
905,59
906,48
907,26
908,26
909,49
910,31
911,49
912,174
913,48
914,36
915,29
916,46
917,55
918,629
919,143
920,266
921,193
922,102
923,250
924,45
925,198
926,26
927,195
928,462
929,35
930,185
931,193
932,28
933,35
934,26
935,35
936,106
937,104
938,62
939,33
940,29
941,204
942,25
943,29
944,27
945,159
946,56
947,143
948,91
949,94
950,116
951,65
952,36
953,103
954,534
955,275
956,174
957,271
958,87
959,134
960,186
961,73
962,133
963,51
964,208
965,202
966,68
967,30
968,40
969,186
970,49
971,46
972,419
973,177
974,28
975,99
976,38
977,32
978,84
979,25
980,153
981,65
982,207
983,69
984,25
985,29
986,59
987,61
988,29
989,419
990,359
991,33
992,84
993,266
994,166
995,37
996,308
997,192
998,31
999,40
1000,27
1001,114
1002,168
1003,128
1004,114
1005,42
1006,44
1007,468
1008,37
1009,30
1010,121
1011,55
1012,39
1013,48
1014,120
1015,26
1016,38
1017,52
1018,45
1019,32
1020,250
1021,163
1022,181
1023,27
1024,50
1025,314
1026,262
1027,501
1028,35
1029,203
1030,164
1031,29
1032,238
1033,135
1034,42
1035,63
1036,63
1037,250
1038,41
1039,259
1040,335
1041,233
1042,27
1043,41
1044,268
1045,67
1046,28
1047,45
1048,25
1049,142
1050,509
1051,36
1052,235
1053,227
1054,149
1055,35
1056,41
1057,85
1058,117
1059,116
1060,163
1061,29
1062,69
1063,63
1064,140
1065,72
1066,133
1067,201
1068,81
1069,41
1070,46
1071,87
1072,122
1073,53
1074,287
1075,355
1076,101
1077,226
1078,27
1079,307
1080,35
1081,33
1082,169
1083,251
1084,28
1085,209
1086,32
1087,157
1088,124
1089,110
1090,33
1091,44
1092,60
1093,27
1094,30
1095,108
1096,38
1097,310
1098,222
1099,198
1100,35
1101,36
1102,100
1103,262
1104,34
1105,44
1106,282
1107,28
1108,248
1109,229
1110,114
1111,37
1112,226
1113,160
1114,72
1115,260
1116,36
1117,30
1118,208
1119,31
1120,214
1121,56
1122,122
1123,238
1124,32
1125,184
1126,37
1127,30
1128,124
1129,31
1130,31
1131,194
1132,40
1133,30
1134,159
1135,142
1136,34
1137,58
1138,45
1139,101
1140,97
1141,27
1142,50
1143,251
1144,64
1145,31
1146,314
1147,316
1148,31
1149,134
1150,27
1151,173
1152,28
1153,26
1154,78
1155,84
1156,43
1157,114
1158,161
1159,92
1160,26
1161,107
1162,90
1163,28
1164,186
1165,205
1166,65
1167,31
1168,243
1169,82
1170,32
1171,188
1172,368
1173,87
1174,196
1175,445
1176,40
1177,175
1178,29
1179,30
1180,26
1181,30
1182,71
1183,32
1184,109
1185,93
1186,40
1187,232
1188,209
1189,83
1190,48
1191,210
1192,48
1193,174
1194,27
1195,31
1196,68
1197,105
1198,84
1199,37
1200,198
1201,33
1202,26
1203,31
1204,92
1205,28
1206,150
1207,140
1208,26
1209,132
1210,118
1211,119
1212,114
1213,173
1214,67
1215,30
1216,46
1217,62
1218,28
1219,28
1220,155
1221,28
1222,112
1223,25
1224,173
1225,46
1226,134
1227,28
1228,395
1229,220
1230,124
1231,613
1232,263
1233,435
1234,140
1235,29
1236,31
1237,210
1238,30
1239,65
1240,124
1241,146
1242,69
1243,288
1244,74
1245,213
1246,293
1247,189
1248,96
1249,107
1250,58
1251,81
1252,33
1253,102
1254,43
1255,27
1256,57
1257,111
1258,60
1259,40
1260,30
1261,79
1262,92
1263,65
1264,552
1265,139
1266,27
1267,45
1268,187
1269,30
1270,173
1271,151
1272,129
1273,358
1274,307
1275,152
1276,164
1277,57
1278,55
1279,160
1280,30
1281,153
1282,28
1283,28
1284,81
1285,166
1286,120
1287,213
1288,27
1289,374
1290,56
1291,27
1292,39
1293,94
1294,139
1295,286
1296,27
1297,315
1298,45
1299,79
1300,41
1301,172
1302,26
1303,418
1304,201
1305,182
1306,236
1307,72
1308,190
1309,31
1310,187
1311,39
1312,32
1313,92
1314,106
1315,196
1316,88
1317,26
1318,42
1319,115
1320,203
1321,29
1322,32
1323,107
1324,110
1325,28
1326,134
1327,32
1328,136
1329,187
1330,39
1331,41
1332,50
1333,208
1334,104
1335,183
1336,183
1337,218
1338,98
1339,26
1340,177
1341,393
1342,145
1343,26
1344,25
1345,172
1346,26
1347,128
1348,143
1349,43
1350,547
1351,56
1352,241
1353,202
1354,28
1355,32
1356,75
1357,203
1358,170
1359,37
1360,82
1361,167
1362,26
1363,120
1364,39
1365,32
1366,336
1367,26
1368,169
1369,369
1370,174
1371,44
1372,215
1373,32
1374,113
1375,172
1376,360
1377,76
1378,395
1379,740
1380,78
1381,263
1382,59
1383,30
1384,47
1385,188
1386,123
1387,210
1388,34
1389,30
1390,56
1391,53
1392,123
1393,398
1394,53
1395,55
1396,72
1397,35
1398,134
1399,89
1400,30
1401,28
1402,64
1403,149
1404,92
1405,168
1406,29
1407,64
1408,62
1409,89
1410,52
1411,258
1412,34
1413,32
1414,31
1415,36
1416,52
1417,291
1418,75
1419,30
1420,32
1421,218
1422,26
1423,31
1424,115
1425,167
1426,32
1427,38
1428,236
1429,175
1430,72
1431,31
1432,36
1433,419
1434,121
1435,165
1436,27
1437,82
1438,90
1439,24
1440,89
1441,35
1442,74
1443,141
1444,41
1445,27
1446,25
1447,31
1448,28
1449,212
1450,42
1451,146
1452,121
1453,263
1454,37
1455,99
1456,29
1457,145
1458,133
1459,178
1460,212
1461,36
1462,28
1463,26
1464,79
1465,67
1466,112
1467,38
1468,219
1469,277
1470,31
1471,96
1472,40
1473,141
1474,28
1475,152
1476,106
1477,25
1478,27
1479,30
1480,147
1481,47
1482,37
1483,32
1484,46
1485,146
1486,50
1487,33
1488,85
1489,279
1490,76
1491,40
1492,83
1493,33
1494,218
1495,315
1496,29
1497,25
1498,87
1499,32
1500,41
1501,27
1502,169
1503,32
1504,116
1505,42
1506,28
1507,42
1508,139
1509,181
1510,44
1511,56
1512,32
1513,27
1514,86
1515,32
1516,27
1517,28
1518,25
1519,195
1520,180
1521,274
1522,234
1523,50
1524,167
1525,32
1526,30
1527,87
1528,146
1529,49
1530,201
1531,43
1532,27
1533,364
1534,27
1535,43
1536,27
1537,87
1538,218
1539,162
1540,347
1541,28
1542,60
1543,48
1544,28
1545,119
1546,47
1547,48
1548,328
1549,69
1550,221
1551,133
1552,30
1553,50
1554,32
1555,49
1556,293
1557,377
1558,25
1559,134
1560,145
1561,110
1562,34
1563,25
1564,251
1565,141
1566,35
1567,335
1568,132
1569,26
1570,223
1571,176
1572,28
1573,248
1574,64
1575,81
1576,81
1577,227
1578,125
1579,26
1580,29
1581,207
1582,26
1583,46
1584,84
1585,132
1586,213
1587,286
1588,141
1589,179
1590,40
1591,140
1592,151
1593,164
1594,46
1595,225
1596,27
1597,58
1598,47
1599,24
1600,110
1601,45
1602,33
1603,68
1604,266
1605,261
1606,324
1607,38
1608,143
1609,232
1610,43
1611,184
1612,214
1613,553
1614,27
1615,31
1616,284
1617,30
1618,27
1619,27
1620,28
1621,39
1622,171
1623,31
1624,231
1625,118
1626,43
1627,197
1628,64
1629,27
1630,28
1631,198
1632,28
1633,47
1634,154
1635,174
1636,31
1637,37
1638,174
1639,207
1640,182
1641,64
1642,160
1643,45
1644,50
1645,121
1646,29
1647,26
1648,156
1649,33
1650,84
1651,217
1652,27
1653,125
1654,117
1655,29
1656,61
1657,40
1658,378
1659,143
1660,93
1661,76
1662,44
1663,315
1664,39
1665,183
1666,73
1667,48
1668,38
1669,32
1670,34
1671,334
1672,53
1673,112
1674,59
1675,42
1676,45
1677,228
1678,54
1679,40
1680,114
1681,25
1682,33
1683,26
1684,88
1685,150
1686,137
1687,397
1688,425
1689,223
1690,190
1691,30
1692,130
1693,34
1694,64
1695,346
1696,110
1697,31
1698,174
1699,25
1700,60
1701,69
1702,102
1703,54
1704,31
1705,31
1706,461
1707,150
1708,57
1709,112
1710,150
1711,79
1712,97
1713,126
1714,110
1715,247
1716,39
1717,66
1718,44
1719,135
1720,31
1721,181
1722,26
1723,31
1724,84
1725,338
1726,67
1727,29
1728,81
1729,39
1730,39
1731,217
1732,319
1733,39
1734,213
1735,185
1736,31
1737,46
1738,31
1739,50
1740,67
1741,39
1742,255
1743,223
1744,132
1745,166
1746,36
1747,33
1748,29
1749,26
1750,42
1751,351
1752,53
1753,187
1754,71
1755,164
1756,35
1757,151
1758,85
1759,63
1760,191
1761,29
1762,64
1763,347
1764,55
1765,24
1766,47
1767,123
1768,163
1769,71
1770,45
1771,61
1772,28
1773,78
1774,124
1775,33
1776,45
1777,79
1778,193
1779,33
1780,32
1781,56
1782,158
1783,243
1784,30
1785,163
1786,116
1787,26
1788,205
1789,37
1790,26
1791,130
1792,27
1793,40
1794,318
1795,84
1796,98
1797,399
1798,120
1799,28
1800,27
1801,30
1802,41
1803,27
1804,56
1805,521
1806,287
1807,27
1808,80
1809,27
1810,86
1811,39
1812,104
1813,99
1814,27
1815,60
1816,53
1817,60
1818,210
1819,495
1820,43
1821,28
1822,95
1823,333
1824,436
1825,24
1826,30
1827,115
1828,108
1829,204
1830,89
1831,255
1832,40
1833,77
1834,114
1835,232
1836,27
1837,117
1838,26
1839,140
1840,45
1841,215
1842,26
1843,68
1844,232
1845,128
1846,117
1847,86
1848,29
1849,48
1850,27
1851,187
1852,66
1853,61
1854,25
1855,269
1856,206
1857,215
1858,28
1859,30
1860,230
1861,236
1862,225
1863,32
1864,103
1865,387
1866,261
1867,282
1868,163
1869,36
1870,349
1871,32
1872,135
1873,32
1874,29
1875,27
1876,109
1877,27
1878,82
1879,136
1880,63
1881,159
1882,201
1883,40
1884,99
1885,374
1886,148
1887,330
1888,70
1889,148
1890,76
1891,39
1892,113
1893,197
1894,84
1895,242
1896,162
1897,34
1898,254
1899,26
1900,24
1901,251
1902,28
1903,44
1904,146
1905,182
1906,179
1907,27
1908,76
1909,29
1910,117
1911,267
1912,33
1913,198
1914,264
1915,27
1916,44
1917,32
1918,35
1919,67
1920,29
1921,33
1922,39
1923,98
1924,459
1925,116
1926,74
1927,228
1928,85
1929,30
1930,96
1931,164
1932,162
1933,107
1934,120
1935,88
1936,53
1937,190
1938,87
1939,273
1940,44
1941,141
1942,38
1943,167
1944,155
1945,191
1946,32
1947,47
1948,31
1949,56
1950,160
1951,31
1952,92
1953,56
1954,97
1955,38
1956,32
1957,219
1958,27
1959,320
1960,32
1961,27
1962,158
1963,115
1964,244
1965,186
1966,26
1967,40
1968,26
1969,33
1970,63
1971,53
1972,34
1973,220
1974,33
1975,175
1976,99
1977,59
1978,390
1979,255
1980,449
1981,135
1982,267
1983,105
1984,189
1985,85
1986,103
1987,134
1988,41
1989,186
1990,31
1991,27
1992,56
1993,27
1994,27
1995,391
1996,42
1997,40
1998,132
1999,40
2000,328
2001,290
2002,45
2003,195
2004,185
2005,44
2006,29
2007,31
2008,39
2009,40
2010,25
2011,261
2012,42
2013,75
2014,47
2015,34
2016,141
2017,109
2018,40
2019,161
2020,41
2021,674
2022,41
2023,47
2024,148
2025,136
2026,160
2027,362
2028,32
2029,120
2030,217
2031,40
2032,43
2033,27
2034,176
2035,122
2036,33
2037,30
2038,58
2039,162
2040,32
2041,152
2042,44
2043,57
2044,35
2045,339
2046,237
2047,163
2048,117
2049,47
2050,72
2051,77
2052,83
2053,28
2054,176
2055,28
2056,142
2057,57
2058,32
2059,29
2060,204
2061,353
2062,69
2063,399
2064,44
2065,199
2066,27
2067,40
2068,172
2069,56
2070,229
2071,29
2072,183
2073,50
2074,169
2075,31
2076,140
2077,166
2078,168
2079,124
2080,122
2081,288
2082,62
2083,51
2084,106
2085,47
2086,27
2087,34
2088,195
2089,81
2090,124
2091,199
2092,144
2093,44
2094,196
2095,35
2096,115
2097,194
2098,128
2099,44
2100,48
2101,147
2102,27
2103,28
2104,206
2105,221
2106,28
2107,29
2108,208
2109,33
2110,33
2111,28
2112,31
2113,141
2114,409
2115,118
2116,30
2117,168
2118,28
2119,28
2120,269
2121,51
2122,402
2123,181
2124,142
2125,111
2126,31
2127,43
2128,312
2129,34
2130,26
2131,36
2132,134
2133,179
2134,61
2135,150
2136,184
2137,172
2138,130
2139,51
2140,274
2141,42
2142,496
2143,179
2144,182
2145,78
2146,34
2147,70
2148,158
2149,26
2150,165
2151,28
2152,40
2153,128
2154,28
2155,62
2156,32
2157,36
2158,29
2159,29
2160,28
2161,122
2162,47
2163,131
2164,224
2165,29
2166,26
2167,339
2168,35
2169,91
2170,32
2171,248
2172,107
2173,30
2174,27
2175,31
2176,217
2177,29
2178,238
2179,40
2180,110
2181,34
2182,73
2183,196
2184,38
2185,30
2186,106
2187,87
2188,38
2189,49
2190,96
2191,324
2192,191
2193,214
2194,86
2195,85
2196,40
2197,29
2198,258
2199,47
2200,64
2201,208
2202,147
2203,116
2204,205
2205,307
2206,217
2207,56
2208,217
2209,30
2210,79
2211,149
2212,141
2213,183
2214,29
2215,33
2216,83
2217,86
2218,35
2219,31
2220,326
2221,268
2222,27
2223,108
2224,127
2225,39
2226,237
2227,73
2228,39
2229,28
2230,224
2231,125
2232,221
2233,162
2234,236
2235,38
2236,255
2237,167
2238,85
2239,137
2240,183
2241,36
2242,198
2243,69
2244,124
2245,28
2246,296
2247,29
2248,42
2249,155
2250,45
2251,265
2252,83
2253,66
2254,30
2255,334
2256,43
2257,110
2258,139
2259,46
2260,63
2261,101
2262,117
2263,178
2264,240
2265,28
2266,29
2267,43
2268,42
2269,121
2270,122
2271,45
2272,29
2273,26
2274,121
2275,26
2276,56
2277,38
2278,31
2279,30
2280,305
2281,156
2282,404
2283,193
2284,219
2285,218
2286,182
2287,293
2288,64
2289,28
2290,42
2291,28
2292,154
2293,227
2294,133
2295,101
2296,28
2297,70
2298,26
2299,35
2300,287
2301,33
2302,27
2303,32
2304,26
2305,37
2306,116
2307,42
2308,30
2309,484
2310,36
2311,27
2312,93
2313,27
2314,38
2315,263
2316,46
2317,187
2318,111
2319,251
2320,157
2321,217
2322,30
2323,162
2324,50
2325,442
2326,162
2327,471
2328,28
2329,279
2330,112
2331,197
2332,251
2333,129
2334,366
2335,44
2336,46
2337,27
2338,275
2339,153
2340,30
2341,99
2342,27
2343,34
2344,28
2345,44
2346,42
2347,330
2348,31
2349,106
2350,27
2351,154
2352,38
2353,27
2354,27
2355,127
2356,27
2357,180
2358,30
2359,41
2360,154
2361,129
2362,30
2363,29
2364,37
2365,421
2366,101
2367,63
2368,33
2369,128
2370,113
2371,163
2372,139
2373,32
2374,43
2375,28
2376,43
2377,91
2378,251
2379,27
2380,41
2381,136
2382,235
2383,206
2384,115
2385,354
2386,33
2387,191
2388,246
2389,26
2390,32
2391,233
2392,27
2393,27
2394,268
2395,79
2396,76
2397,31
2398,99
2399,108
2400,109
2401,28
2402,35
2403,25
2404,321
2405,35
2406,65
2407,64
2408,38
2409,220
2410,27
2411,30
2412,27
2413,30
2414,141
2415,193
2416,68
2417,70
2418,151
2419,192
2420,48
2421,35
2422,227
2423,27
2424,99
2425,76
2426,30
2427,280
2428,33
2429,120
2430,53
2431,166
2432,38
2433,28
2434,31
2435,209
2436,27
2437,181
2438,85
2439,33
2440,57
2441,54
2442,162
2443,50
2444,101
2445,27
2446,403
2447,59
2448,26
2449,36
2450,183
2451,90
2452,162
2453,168
2454,218
2455,132
2456,29
2457,91
2458,33
2459,37
2460,299
2461,77
2462,1560
2463,28
2464,397
2465,58
2466,253
2467,92
2468,235
2469,452
2470,51
2471,227
2472,36
2473,31
2474,42
2475,40
2476,111
2477,33
2478,138
2479,84
2480,26
2481,187
2482,290
2483,41
2484,168
2485,33
2486,28
2487,142
2488,132
2489,43
2490,232
2491,119
2492,30
2493,26
2494,206
2495,33
2496,55
2497,116
2498,197
2499,27
2500,389
2501,39
2502,49
2503,160
2504,255
2505,93
2506,28
2507,31
2508,209
2509,27
2510,384
2511,37
2512,35
2513,106
2514,26
2515,125
2516,29
2517,35
2518,146
2519,288
2520,122
2521,27
2522,119
2523,149
2524,47
2525,49
2526,38
2527,127
2528,274
2529,250
2530,100
2531,232
2532,30
2533,230
2534,137
2535,39
2536,29
2537,228
2538,92
2539,290
2540,98
2541,109
2542,92
2543,190
2544,159
2545,33
2546,176
2547,29
2548,35
2549,130
2550,143
2551,173
2552,299
2553,27
2554,53
2555,131
2556,107
2557,96
2558,28
2559,185
2560,91
2561,80
2562,134
2563,39
2564,263
2565,139
2566,114
2567,122
2568,152
2569,378
2570,119
2571,163
2572,54
2573,75
2574,80
2575,253
2576,47
2577,199
2578,656
2579,140
2580,28
2581,30
2582,182
2583,26
2584,27
2585,37
2586,226
2587,188
2588,90
2589,233
2590,217
2591,189
2592,29
2593,26
2594,27
2595,245
2596,258
2597,496
2598,72
2599,176
2600,173
2601,42
2602,43
2603,282
2604,87
2605,78
2606,26
2607,223
2608,25
2609,50
2610,148
2611,28
2612,205
2613,47
2614,190
2615,134
2616,114
2617,494
2618,29
2619,28
2620,30
2621,216
2622,278
2623,33
2624,41
2625,56
2626,192
2627,117
2628,28
2629,228
2630,94
2631,31
2632,128
2633,436
2634,27
2635,32
2636,187
2637,44
2638,32
2639,32
2640,34
2641,28
2642,27
2643,211
2644,219
2645,25
2646,32
2647,66
2648,217
2649,27
2650,32
2651,139
2652,41
2653,42
2654,92
2655,225
2656,314
2657,49
2658,258
2659,26
2660,39
2661,219
2662,53
2663,363
2664,159
2665,280
2666,28
2667,95
2668,69
2669,38
2670,369
2671,161
2672,97
2673,30
2674,49
2675,247
2676,30
2677,37
2678,279
2679,116
2680,60
2681,102
2682,79
2683,72
2684,212
2685,31
2686,29
2687,61
2688,46
2689,295
2690,94
2691,48
2692,372
2693,25
2694,236
2695,199
2696,194
2697,31
2698,44
2699,300
2700,167
2701,134
2702,337
2703,26
2704,256
2705,211
2706,26
2707,31
2708,174
2709,144
2710,117
2711,30
2712,259
2713,206
2714,106
2715,254
2716,84
2717,138
2718,57
2719,30
2720,107
2721,147
2722,27
2723,63
2724,36
2725,62
2726,55
2727,288
2728,102
2729,34
2730,207
2731,101
2732,256
2733,224
2734,31
2735,241
2736,114
2737,62
2738,505
2739,134
2740,332
2741,133
2742,47
2743,35
2744,206
2745,28
2746,121
2747,97
2748,90
2749,158
2750,230
2751,29
2752,60
2753,26
2754,135
2755,25
2756,30
2757,31
2758,25
2759,28
2760,172
2761,159
2762,75
2763,30
2764,46
2765,210
2766,166
2767,157
2768,114
2769,28
2770,384
2771,174
2772,209
2773,146
2774,71
2775,136
2776,58
2777,42
2778,52
2779,182
2780,77
2781,28
2782,131
2783,28
2784,41
2785,28
2786,107
2787,117
2788,276
2789,33
2790,29
2791,154
2792,30
2793,289
2794,215
2795,38
2796,25
2797,165
2798,165
2799,303
2800,118
2801,203
2802,180
2803,163
2804,476
2805,137
2806,150
2807,27
2808,283
2809,47
2810,27
2811,145
2812,128
2813,76
2814,57
2815,28
2816,81
2817,147
2818,157
2819,64
2820,31
2821,28
2822,109
2823,29
2824,57
2825,46
2826,25
2827,148
2828,101
2829,256
2830,28
2831,36
2832,125
2833,256
2834,45
2835,35
2836,65
2837,303
2838,28
2839,285
2840,111
2841,73
2842,179
2843,29
2844,97
2845,44
2846,37
2847,251
2848,244
2849,92
2850,334
2851,123
2852,42
2853,142
2854,30
2855,125
2856,149
2857,124
2858,278
2859,30
2860,106
2861,261
2862,39
2863,237
2864,266
2865,228
2866,33
2867,79
2868,120
2869,127
2870,30
2871,43
2872,187
2873,171
2874,186
2875,76
2876,41
2877,27
2878,31
2879,169
2880,33
2881,28
2882,230
2883,267
2884,202
2885,33
2886,104
2887,35
2888,96
2889,128
2890,69
2891,32
2892,40
2893,26
2894,136
2895,53
2896,148
2897,65
2898,117
2899,48
2900,119
2901,367
2902,212
2903,235
2904,117
2905,82
2906,29
2907,31
2908,31
2909,97
2910,60
2911,125
2912,44
2913,260
2914,135
2915,240
2916,236
2917,85
2918,30
2919,44
2920,38
2921,82
2922,87
2923,252
2924,145
2925,84
2926,26
2927,60
2928,31
2929,31
2930,124
2931,350
2932,32
2933,419
2934,154
2935,151
2936,95
2937,173
2938,44
2939,267
2940,238
2941,87
2942,32
2943,29
2944,204
2945,145
2946,157
2947,32
2948,25
2949,173
2950,59
2951,148
2952,63
2953,31
2954,133
2955,102
2956,38
2957,27
2958,60
2959,29
2960,189
2961,173
2962,26
2963,198
2964,29
2965,33
2966,167
2967,247
2968,27
2969,337
2970,203
2971,34
2972,38
2973,228
2974,166
2975,290
2976,25
2977,40
2978,40
2979,269
2980,262
2981,223
2982,39
2983,129
2984,169
2985,277
2986,162
2987,148
2988,31
2989,43
2990,176
2991,77
2992,243
2993,30
2994,286
2995,176
2996,46
2997,47
2998,212
2999,33
3000,167
3001,83
3002,49
3003,32
3004,26
3005,112
3006,229
3007,36
3008,42
3009,102
3010,153
3011,130
3012,43
3013,26
3014,26
3015,83
3016,55
3017,404
3018,242
3019,130
3020,55
3021,27
3022,27
3023,1106
3024,300
3025,26
3026,106
3027,84
3028,33
3029,73
3030,251
3031,27
3032,102
3033,265
3034,32
3035,156
3036,59
3037,373
3038,158
3039,49
3040,28
3041,261
3042,42
3043,61
3044,224
3045,26
3046,26
3047,250
3048,233
3049,26
3050,31
3051,40
3052,228
3053,37
3054,382
3055,51
3056,51
3057,35
3058,46
3059,30
3060,33
3061,219
3062,102
3063,195
3064,31
3065,73
3066,74
3067,107
3068,215
3069,39
3070,137
3071,211
3072,139
3073,268
3074,56
3075,140
3076,124
3077,168
3078,193
3079,107
3080,134
3081,288
3082,34
3083,118
3084,258
3085,44
3086,27
3087,31
3088,74
3089,135
3090,58
3091,144
3092,157
3093,140
3094,40
3095,97
3096,28
3097,85
3098,226
3099,27
3100,30
3101,40
3102,31
3103,187
3104,121
3105,27
3106,150
3107,251
3108,194
3109,86
3110,148
3111,67
3112,33
3113,94
3114,75
3115,169
3116,199
3117,129
3118,29
3119,127
3120,83
3121,26
3122,32
3123,182
3124,35
3125,39
3126,36
3127,312
3128,156
3129,34
3130,38
3131,197
3132,40
3133,27
3134,31
3135,64
3136,41
3137,29
3138,123
3139,111
3140,37
3141,134
3142,231
3143,81
3144,37
3145,40
3146,610
3147,136
3148,138
3149,146
3150,161
3151,28
3152,62
3153,26
3154,180
3155,33
3156,43
3157,30
3158,95
3159,287
3160,74
3161,174
3162,126
3163,61
3164,29
3165,36
3166,107
3167,47
3168,157
3169,150
3170,106
3171,60
3172,130
3173,243
3174,76
3175,286
3176,103
3177,169
3178,26
3179,27
3180,31
3181,129
3182,52
3183,32
3184,230
3185,164
3186,34
3187,158
3188,48
3189,403
3190,41
3191,210
3192,25
3193,65
3194,44
3195,245
3196,169
3197,179
3198,227
3199,273
3200,48
3201,61
3202,30
3203,28
